   0.0   0.0   0.01487432696435761
   0.3333333333333333   0.0   0.04902531938940744
   0.6666666666666666   0.0   0.04718576121392122
   1.0   0.0   0.02999156033313102
   0.0   0.3333333333333333   0.05104335338535635
   0.3333333333333333   0.3333333333333333   0.08016782624295915
   0.6666666666666666   0.3333333333333333   0.005290479563485485
   1.0   0.3333333333333333   0.07668696640231902
   0.0   0.6666666666666666   0.025245876224949428
   0.3333333333333333   0.6666666666666666   0.05552814274411188
   0.6666666666666666   0.6666666666666666   0.024047473328230762
   1.0   0.6666666666666666   0.0006163339578256766
   0.0   1.0   0.029945213234870885
   0.3333333333333333   1.0   0.0691964620001886
   0.6666666666666666   1.0   0.04349041697610159
   1.0   1.0   0.06573828114974647

   1.0   0.0   0.02999156033313102
   1.3333333333333333   0.0   0.04416125675592228
   1.6666666666666665   0.0   0.04155744794881161
   2.0   0.0   0.039657759188843816
   1.0   0.3333333333333333   0.07668696640231902
   1.3333333333333333   0.3333333333333333   0.0961510363112037
   1.6666666666666665   0.3333333333333333   0.026360146235409266
   2.0   0.3333333333333333   0.010536397982325441
   1.0   0.6666666666666666   0.0006163339578256766
   1.3333333333333333   0.6666666666666666   0.0015562574530503582
   1.6666666666666665   0.6666666666666666   0.020050641506335388
   2.0   0.6666666666666666   0.05683981382907332
   1.0   1.0   0.06573828114974647
   1.3333333333333333   1.0   0.0657838333768528
   1.6666666666666665   1.0   0.08496232891648758
   2.0   1.0   0.0005807811164584064

   0.0   1.0   0.029945213234870885
   0.3333333333333333   1.0   0.0691964620001886
   0.6666666666666666   1.0   0.04349041697610159
   1.0   1.0   0.06573828114974647
   0.0   1.3333333333333333   0.008460664444393617
   0.3333333333333333   1.3333333333333333   0.05492160449379096
   0.6666666666666666   1.3333333333333333   0.06693547568486584
   1.0   1.3333333333333333   0.01326369969586998
   0.0   1.6666666666666665   0.06913127908905835
   0.3333333333333333   1.6666666666666665   0.05337091926869006
   0.6666666666666666   1.6666666666666665   0.014121805518739839
   1.0   1.6666666666666665   0.08906059225317338
   0.0   2.0   0.046229596572250654
   0.3333333333333333   2.0   0.013025315155684558
   0.6666666666666666   2.0   0.06416639942786193
   1.0   2.0   0.03789232605278745

   1.0   1.0   0.06573828114974647
   1.3333333333333333   1.0   0.0657838333768528
   1.6666666666666665   1.0   0.08496232891648758
   2.0   1.0   0.0005807811164584064
   1.0   1.3333333333333333   0.01326369969586998
   1.3333333333333333   1.3333333333333333   0.056800061437652
   1.6666666666666665   1.3333333333333333   0.05306505498410588
   2.0   1.3333333333333333   0.05185745404121032
   1.0   1.6666666666666665   0.08906059225317338
   1.3333333333333333   1.6666666666666665   0.08593217297776398
   1.6666666666666665   1.6666666666666665   0.0040347254290931224
   2.0   1.6666666666666665   0.03223041538828673
   1.0   2.0   0.03789232605278745
   1.3333333333333333   2.0   0.0448462122014252
   1.6666666666666665   2.0   0.07096091410022222
   2.0   2.0   0.00955058883583192

