   0.0   0.0   0.9428028404482036
   0.3333333333333333   0.0   0.366857003271285
   0.6666666666666666   0.0   0.6575455838892922
   1.0   0.0   0.02231681996713364
   0.0   0.3333333333333333   0.46609837295634493
   0.3333333333333333   0.3333333333333333   0.008468242604386278
   0.6666666666666666   0.3333333333333333   0.12098040481095595
   1.0   0.3333333333333333   0.9615710956125487
   0.0   0.6666666666666666   0.8404561418570464
   0.3333333333333333   0.6666666666666666   0.8431847039314053
   0.6666666666666666   0.6666666666666666   0.197824036680888
   1.0   0.6666666666666666   0.10710112577709219
   0.0   1.0   0.5923581906406397
   0.3333333333333333   1.0   0.7286613467509654
   0.6666666666666666   1.0   0.8165113801080492
   1.0   1.0   0.5055104151537838

   0.0   1.0   0.5923581906406397
   0.3333333333333333   1.0   0.7286613467509654
   0.6666666666666666   1.0   0.8165113801080492
   1.0   1.0   0.5055104151537838
   0.0   1.3333333333333333   0.8697017318154491
   0.3333333333333333   1.3333333333333333   0.8128094567408444
   0.6666666666666666   1.3333333333333333   0.7701149812909426
   1.0   1.3333333333333333   0.48429216514045814
   0.0   1.6666666666666665   0.9992961758056469
   0.3333333333333333   1.6666666666666665   0.045002602392421376
   0.6666666666666666   1.6666666666666665   0.8028492992606868
   1.0   1.6666666666666665   0.17420746749957372
   0.0   2.0   0.42024731075564015
   0.3333333333333333   2.0   0.09751643934762011
   0.6666666666666666   2.0   0.012561880802428038
   1.0   2.0   0.5458238394584561

   0.0   2.0   0.42024731075564015
   0.3333333333333333   2.0   0.09751643934762011
   0.6666666666666666   2.0   0.012561880802428038
   1.0   2.0   0.5458238394584561
   0.0   2.3333333333333335   0.15325264142389183
   0.3333333333333333   2.3333333333333335   0.943830050389727
   0.6666666666666666   2.3333333333333335   0.7788267088472373
   1.0   2.3333333333333335   0.3665617747061789
   0.0   2.6666666666666665   0.6692494983139694
   0.3333333333333333   2.6666666666666665   0.028992062271080643
   0.6666666666666666   2.6666666666666665   0.4191609712181297
   1.0   2.6666666666666665   0.47362070299128556
   0.0   3.0   0.5490697151999068
   0.3333333333333333   3.0   0.5256583283421288
   0.6666666666666666   3.0   0.7676389963740533
   1.0   3.0   0.5101878356462564

