   0.0   0.0   0.42157812885897805
   0.3333333333333333   0.0   0.774541081351764
   0.6666666666666666   0.0   0.9812162613387603
   1.0   0.0   0.0733521419998322
   0.0   0.3333333333333333   0.6540821456998613
   0.3333333333333333   0.3333333333333333   0.5965397807478521
   0.6666666666666666   0.3333333333333333   0.2537666111560689
   1.0   0.3333333333333333   0.16738565674565098
   0.0   0.6666666666666666   0.6146169266604805
   0.3333333333333333   0.6666666666666666   0.7358795516465387
   0.6666666666666666   0.6666666666666666   0.13567394172489278
   1.0   0.6666666666666666   0.02800201064746688
   0.0   1.0   0.8938760694507575
   0.3333333333333333   1.0   0.1865583151885032
   0.6666666666666666   1.0   0.10102029562831749
   1.0   1.0   0.5490272752005247

