   0.0   0.0   0.19166965384755963
   0.3333333333333333   0.0   0.01156698786138697
   0.6666666666666666   0.0   0.15795399100298518
   1.0   0.0   0.04346151240102201
   0.0   0.3333333333333333   0.19550785592361988
   0.3333333333333333   0.3333333333333333   0.03924633992751412
   0.6666666666666666   0.3333333333333333   0.0023649674496965646
   1.0   0.3333333333333333   0.01817053232364856
   0.0   0.6666666666666666   0.08801287618206657
   0.3333333333333333   0.6666666666666666   0.09357730882837177
   0.6666666666666666   0.6666666666666666   0.17961952645327472
   1.0   0.6666666666666666   0.08061046466824982
   0.0   1.0   0.1417519952293114
   0.3333333333333333   1.0   0.12460438255757343
   0.6666666666666666   1.0   0.11365026314894813
   1.0   1.0   0.19532256745088442

