   0.0   0.0   0.04313416572500533
   0.3333333333333333   0.0   0.10780404718723771
   0.6666666666666666   0.0   0.013994035829399443
   1.0   0.0   0.060840233283581235
   0.0   0.3333333333333333   0.10906618579624175
   0.3333333333333333   0.3333333333333333   0.1968205133592256
   0.6666666666666666   0.3333333333333333   0.0023715680941290397
   1.0   0.3333333333333333   0.13089368827771736
   0.0   0.6666666666666666   0.18198907826996386
   0.3333333333333333   0.6666666666666666   0.05463269587084259
   0.6666666666666666   0.6666666666666666   0.08639039555667274
   1.0   0.6666666666666666   0.13660168341708895
   0.0   1.0   0.07453247785985194
   0.3333333333333333   1.0   0.16841638769996292
   0.6666666666666666   1.0   0.0551590973618525
   1.0   1.0   0.0929143409865268

   1.0   0.0   0.060840233283581235
   1.3333333333333333   0.0   0.1879530906788286
   1.6666666666666665   0.0   0.0012546351571979476
   2.0   0.0   0.14268497578648154
   1.0   0.3333333333333333   0.13089368827771736
   1.3333333333333333   0.3333333333333333   0.14469731063344307
   1.6666666666666665   0.3333333333333333   0.10549512197214735
   2.0   0.3333333333333333   0.07101003444308228
   1.0   0.6666666666666666   0.13660168341708895
   1.3333333333333333   0.6666666666666666   0.05856132680175801
   1.6666666666666665   0.6666666666666666   0.09673194999746376
   2.0   0.6666666666666666   0.10878354799163677
   1.0   1.0   0.0929143409865268
   1.3333333333333333   1.0   0.045041705950411126
   1.6666666666666665   1.0   0.005813253489243842
   2.0   1.0   0.11447030585869114

   0.0   1.0   0.07453247785985194
   0.3333333333333333   1.0   0.16841638769996292
   0.6666666666666666   1.0   0.0551590973618525
   1.0   1.0   0.0929143409865268
   0.0   1.3333333333333333   0.002545035381129357
   0.3333333333333333   1.3333333333333333   0.19852667764142606
   0.6666666666666666   1.3333333333333333   0.10895790363054497
   1.0   1.3333333333333333   0.08903045355886947
   0.0   1.6666666666666665   0.09565382432197517
   0.3333333333333333   1.6666666666666665   0.0896736770513038
   0.6666666666666666   1.6666666666666665   0.19969938802380538
   1.0   1.6666666666666665   0.13107936944866305
   0.0   2.0   0.09798573254588228
   0.3333333333333333   2.0   0.03901220233400389
   0.6666666666666666   2.0   0.053686434484683444
   1.0   2.0   0.0066872323585776446

   1.0   1.0   0.0929143409865268
   1.3333333333333333   1.0   0.045041705950411126
   1.6666666666666665   1.0   0.005813253489243842
   2.0   1.0   0.11447030585869114
   1.0   1.3333333333333333   0.08903045355886947
   1.3333333333333333   1.3333333333333333   0.0774713228328386
   1.6666666666666665   1.3333333333333333   0.07945837138058076
   2.0   1.3333333333333333   0.10931266224256347
   1.0   1.6666666666666665   0.13107936944866305
   1.3333333333333333   1.6666666666666665   0.04767565631757247
   1.6666666666666665   1.6666666666666665   0.004312901727074614
   2.0   1.6666666666666665   0.15000101348726413
   1.0   2.0   0.0066872323585776446
   1.3333333333333333   2.0   0.041721219348666905
   1.6666666666666665   2.0   0.13369884950021313
   2.0   2.0   0.18154876025311767

